structure(list(time = c(176761, 176761, 176401, 176401, 166741, 
166741, 166741, 166741, 166741, 166741, 166861, 166861, 166861, 
166861, 166861, 166861, 166981, 166981, 166981, 166981, 166981, 
166981, 167101, 167101, 167101, 167101, 167101, 167101, 167221, 
167221, 167221, 167221, 167221, 167221, 167341, 167341, 167341, 
167341, 167341, 167341, 166021, 166261, 167461, 167461, 167461, 
167461, 167461, 167461, 146161, 146161, 146521, 146521, 146881, 
146881, 147241, 147241, 147601, 147601, 147961, 147961, 148321, 
148321, 148681, 148681, 149041, 232501, 232501, 232501, 232501, 
149041, 231061, 231061, 231061, 231061, 166501, 166501, 166501, 
166501, 166501, 166501, 166621, 166621, 166621, 166621, 166621, 
166621, 166021, 166021, 166021, 166021, 166021, 166141, 166141, 
166141, 166141, 166141, 166141, 166261, 166261, 166261, 166261, 
166261, 166381, 166381, 166381, 166381, 166381, 166381, 53070, 
53160, 53280, 53400, 110400, 110520, 110640, 110760, 110880, 
111000, 111120, 111240, 111360, 111480, 168000, 168120, 53520, 
53640, 53760, 53880, 168240, 168360, 168480, 168600, 168720, 
168840, 168960, 169080, 229080, 229800, 231960, 232680, 234840, 
235560, 237720, 238440, 229080, 229800, 231960, 232680, 234840, 
235560, 237720, 238440), year = c(2009L, 2009L, 2009L, 2009L, 
2009L, 2009L, 2009L, 2009L, 2009L, 2009L, 2009L, 2009L, 2009L, 
2009L, 2009L, 2009L, 2009L, 2009L, 2009L, 2009L, 2009L, 2009L, 
2009L, 2009L, 2009L, 2009L, 2009L, 2009L, 2009L, 2009L, 2009L, 
2009L, 2009L, 2009L, 2009L, 2009L, 2009L, 2009L, 2009L, 2009L, 
2009L, 2009L, 2009L, 2009L, 2009L, 2009L, 2009L, 2009L, 2009L, 
2009L, 2009L, 2009L, 2009L, 2009L, 2009L, 2009L, 2009L, 2009L, 
2009L, 2009L, 2009L, 2009L, 2009L, 2009L, 2009L, 2009L, 2009L, 
2009L, 2009L, 2009L, 2009L, 2009L, 2009L, 2009L, 2009L, 2009L, 
2009L, 2009L, 2009L, 2009L, 2009L, 2009L, 2009L, 2009L, 2009L, 
2009L, 2009L, 2009L, 2009L, 2009L, 2009L, 2009L, 2009L, 2009L, 
2009L, 2009L, 2009L, 2009L, 2009L, 2009L, 2009L, 2009L, 2009L, 
2009L, 2009L, 2009L, 2009L, 2009L, NA, NA, NA, NA, NA, NA, NA, 
NA, NA, NA, NA, NA, NA, NA, NA, NA, NA, NA, NA, NA, NA, NA, NA, 
NA, NA, NA, NA, NA, NA, NA, NA, NA, NA, NA, NA, NA, NA, NA, NA, 
NA, NA, NA, NA, NA), month = c(8L, 8L, 8L, 8L, 8L, 8L, 8L, 8L, 
8L, 8L, 8L, 8L, 8L, 8L, 8L, 8L, 8L, 8L, 8L, 8L, 8L, 8L, 8L, 8L, 
8L, 8L, 8L, 8L, 8L, 8L, 8L, 8L, 8L, 8L, 8L, 8L, 8L, 8L, 8L, 8L, 
8L, 8L, 8L, 8L, 8L, 8L, 8L, 8L, 8L, 8L, 8L, 8L, 8L, 8L, 8L, 8L, 
8L, 8L, 8L, 8L, 8L, 8L, 8L, 8L, 8L, 10L, 10L, 10L, 10L, 8L, 10L, 
10L, 10L, 10L, 8L, 8L, 8L, 8L, 8L, 8L, 8L, 8L, 8L, 8L, 8L, 8L, 
8L, 8L, 8L, 8L, 8L, 8L, 8L, 8L, 8L, 8L, 8L, 8L, 8L, 8L, 8L, 8L, 
8L, 8L, 8L, 8L, 8L, 8L, NA, NA, NA, NA, NA, NA, NA, NA, NA, NA, 
NA, NA, NA, NA, NA, NA, NA, NA, NA, NA, NA, NA, NA, NA, NA, NA, 
NA, NA, NA, NA, NA, NA, NA, NA, NA, NA, NA, NA, NA, NA, NA, NA, 
NA, NA), day = c(31L, 31L, 31L, 31L, 24L, 24L, 24L, 24L, 24L, 
24L, 24L, 24L, 24L, 24L, 24L, 24L, 24L, 24L, 24L, 24L, 24L, 24L, 
25L, 25L, 25L, 25L, 25L, 25L, 25L, 25L, 25L, 25L, 25L, 25L, 25L, 
25L, 25L, 25L, 25L, 25L, 24L, 24L, 25L, 25L, 25L, 25L, 25L, 25L, 
10L, 10L, 10L, 10L, 10L, 10L, 11L, 11L, 11L, 11L, 11L, 11L, 11L, 
11L, 12L, 12L, 12L, 9L, 9L, 9L, 9L, 12L, 8L, 8L, 8L, 8L, 24L, 
24L, 24L, 24L, 24L, 24L, 24L, 24L, 24L, 24L, 24L, 24L, 24L, 24L, 
24L, 24L, 24L, 24L, 24L, 24L, 24L, 24L, 24L, 24L, 24L, 24L, 24L, 
24L, 24L, 24L, 24L, 24L, 24L, 24L, NA, NA, NA, NA, NA, NA, NA, 
NA, NA, NA, NA, NA, NA, NA, NA, NA, NA, NA, NA, NA, NA, NA, NA, 
NA, NA, NA, NA, NA, NA, NA, NA, NA, NA, NA, NA, NA, NA, NA, NA, 
NA, NA, NA, NA, NA), hour = c(18L, 18L, 12L, 12L, 19L, 19L, 19L, 
19L, 19L, 19L, 21L, 21L, 21L, 21L, 21L, 21L, 23L, 23L, 23L, 23L, 
23L, 23L, 1L, 1L, 1L, 1L, 1L, 1L, 3L, 3L, 3L, 3L, 3L, 3L, 5L, 
5L, 5L, 5L, 5L, 5L, 7L, 11L, 7L, 7L, 7L, 7L, 7L, 7L, 12L, 12L, 
18L, 18L, 24L, 24L, 6L, 6L, 12L, 12L, 18L, 18L, 24L, 24L, 6L, 
6L, 12L, 11L, 11L, 11L, 11L, 12L, 11L, 11L, 11L, 11L, 15L, 15L, 
15L, 15L, 15L, 15L, 17L, 17L, 17L, 17L, 17L, 17L, 7L, 7L, 7L, 
7L, 7L, 9L, 9L, 9L, 9L, 9L, 9L, 11L, 11L, 11L, 11L, 11L, 13L, 
13L, 13L, 13L, 13L, 13L, 18L, 20L, 22L, 0L, 14L, 16L, 18L, 20L, 
22L, 0L, 2L, 4L, 6L, 8L, 14L, 16L, 2L, 4L, 6L, 8L, 18L, 20L, 
22L, 0L, 2L, 4L, 6L, 8L, 2L, 14L, 2L, 14L, 2L, 14L, 2L, 14L, 
2L, 14L, 2L, 14L, 2L, 14L, 2L, 14L), min = c(1L, 1L, 1L, 1L, 
1L, 1L, 1L, 1L, 1L, 1L, 1L, 1L, 1L, 1L, 1L, 1L, 1L, 1L, 1L, 1L, 
1L, 1L, 1L, 1L, 1L, 1L, 1L, 1L, 1L, 1L, 1L, 1L, 1L, 1L, 1L, 1L, 
1L, 1L, 1L, 1L, 1L, 1L, 1L, 1L, 1L, 1L, 1L, 1L, 1L, 1L, 1L, 1L, 
1L, 1L, 1L, 1L, 1L, 1L, 1L, 1L, 1L, 1L, 1L, 1L, 1L, 1L, 1L, 1L, 
1L, 1L, 1L, 1L, 1L, 1L, 1L, 1L, 1L, 1L, 1L, 1L, 1L, 1L, 1L, 1L, 
1L, 1L, 1L, 1L, 1L, 1L, 1L, 1L, 1L, 1L, 1L, 1L, 1L, 1L, 1L, 1L, 
1L, 1L, 1L, 1L, 1L, 1L, 1L, 1L, 30L, 0L, 0L, 0L, 0L, 0L, 0L, 
0L, 0L, 0L, 0L, 0L, 0L, 0L, 0L, 0L, 0L, 0L, 0L, 0L, 0L, 0L, 0L, 
0L, 0L, 0L, 0L, 0L, 0L, 0L, 0L, 0L, 0L, 0L, 0L, 0L, 0L, 0L, 0L, 
0L, 0L, 0L, 0L, 0L), age = c(73L, 73L, 73L, 73L, 97L, 97L, 66L, 
66L, 39L, 39L, 97L, 97L, 66L, 66L, 39L, 39L, 97L, 97L, 66L, 66L, 
39L, 39L, 98L, 98L, 67L, 67L, 40L, 40L, 98L, 98L, 67L, 67L, 40L, 
40L, 98L, 98L, 67L, 67L, 40L, 40L, 39L, 66L, 98L, 98L, 67L, 67L, 
40L, 40L, 52L, 52L, 52L, 52L, 52L, 52L, 53L, 53L, 53L, 53L, 53L, 
53L, 53L, 53L, 54L, 54L, 54L, 70L, 70L, 70L, 70L, 54L, 69L, 69L, 
69L, 69L, 97L, 97L, 66L, 66L, 39L, 39L, 97L, 97L, 66L, 66L, 39L, 
39L, 97L, 97L, 66L, 66L, 39L, 97L, 97L, 66L, 66L, 39L, 39L, 97L, 
97L, 66L, 39L, 39L, 97L, 97L, 66L, 66L, 39L, 39L, 14L, 14L, 14L, 
15L, 14L, 14L, 14L, 14L, 14L, 15L, 15L, 15L, 15L, 15L, 14L, 14L, 
15L, 15L, 15L, 15L, 14L, 14L, 14L, 15L, 15L, 15L, 15L, 15L, 30L, 
30L, 32L, 32L, 34L, 34L, 36L, 36L, 30L, 30L, 32L, 32L, 34L, 34L, 
36L, 36L), file = c("nagano2009", "nagano2009", "nagano2009", 
"nagano2009", "nagano2009", "nagano2009", "nagano2009", "nagano2009", 
"nagano2009", "nagano2009", "nagano2009", "nagano2009", "nagano2009", 
"nagano2009", "nagano2009", "nagano2009", "nagano2009", "nagano2009", 
"nagano2009", "nagano2009", "nagano2009", "nagano2009", "nagano2009", 
"nagano2009", "nagano2009", "nagano2009", "nagano2009", "nagano2009", 
"nagano2009", "nagano2009", "nagano2009", "nagano2009", "nagano2009", 
"nagano2009", "nagano2009", "nagano2009", "nagano2009", "nagano2009", 
"nagano2009", "nagano2009", "nagano2009", "nagano2009", "nagano2009", 
"nagano2009", "nagano2009", "nagano2009", "nagano2009", "nagano2009", 
"nagano2009", "nagano2009", "nagano2009", "nagano2009", "nagano2009", 
"nagano2009", "nagano2009", "nagano2009", "nagano2009", "nagano2009", 
"nagano2009", "nagano2009", "nagano2009", "nagano2009", "nagano2009", 
"nagano2009", "nagano2009", "nagano2009", "nagano2009", "nagano2009", 
"nagano2009", "nagano2009", "nagano2009", "nagano2009", "nagano2009", 
"nagano2009", "nagano2009", "nagano2009", "nagano2009", "nagano2009", 
"nagano2009", "nagano2009", "nagano2009", "nagano2009", "nagano2009", 
"nagano2009", "nagano2009", "nagano2009", "nagano2009", "nagano2009", 
"nagano2009", "nagano2009", "nagano2009", "nagano2009", "nagano2009", 
"nagano2009", "nagano2009", "nagano2009", "nagano2009", "nagano2009", 
"nagano2009", "nagano2009", "nagano2009", "nagano2009", "nagano2009", 
"nagano2009", "nagano2009", "nagano2009", "nagano2009", "nagano2009", 
"itohGate", "itohGate", "itohGate", "itohGate", "itohGate", "itohGate", 
"itohGate", "itohGate", "itohGate", "itohGate", "itohGate", "itohGate", 
"itohGate", "itohGate", "itohGate", "itohGate", "itohGate", "itohGate", 
"itohGate", "itohGate", "itohGate", "itohGate", "itohGate", "itohGate", 
"itohGate", "itohGate", "itohGate", "itohGate", "naganoTS", "naganoTS", 
"naganoTS", "naganoTS", "naganoTS", "naganoTS", "naganoTS", "naganoTS", 
"naganoTS", "naganoTS", "naganoTS", "naganoTS", "naganoTS", "naganoTS", 
"naganoTS", "naganoTS"),